10091617
1009330
10193204
10342929
10365197
10406016
10457883
10520387
10526274
10579464
10669626
10683478
10704919
10706004
10721819
10737864
10739826
10743446
10791295
10807237
10835440
1085609
10901305
11007689
11027905
11135224
11147747
11166519
11198499
11206082
11250767
11256525
11263551
11279304
1130930
11334364
11379838
11391224
11419773
11426838
11431197
1147734
11532387
11569530
11581460
11587867
11642480
11672959
11679859
11706060
11745184
11752354
11773892
11807648
11875660
11897407
11928786
11961407
12041669
12063090
12084448
12090760
12198388
12202650
12369736
12443032
12464714
12483326
12523465
12536034
12574103
12584269
12589964
12596116
12615818
12617329
12627929
12639165
12653683
12684739
12695819
12707296
12716030
12757899
12789195
12820454
12905102
12907309
12921865
137340
1378968
1420741
1428568
1436384
14513889
14568327
14596845
14657095
14659530
1468485
14698717
14765563
14976857
15009014
15036754
150790
15120741
15130900
15145918
15188772
15233872
1527456
15275829
15278670
15325671
15338796
15458908
1549199
15515654
15572383
15602202
15632880
15649445
15737522
15804801
15859940
15863244
15899738
1592014
15957009
16005948
1601297
16160878
1616457
16167916
16181582
16274958
16298782
16330293
16330766
16337777
1639466
16403073
16428221
16574712
1664218
16680561
16740173
16755009
16787750
16858720
16867021
16904497
16938416
17020434
17042910
17111419
17147461
17175308
1720453
17241784
17242861
17244258
17261653
1728522
1732369
17343925
17344566
17400887
17437408
17439425
17466854
17491223
1749407
17532790
17562951
17600377
17608141
17612891
17615423
17639754
17854040
1786266
17879945
17919553
17931375
18004067
18020536
18023325
18081909
18083142
18162529
18182964
18186898
18208574
18217897
18221780
18261172
18308784
18329269
1833784
18343374
1835291
18410508
18417364
18439803
18442015
18464113
18503483
18544179
18560792
18619688
18631865
1867351
18703024
18726058
18752389
18754075
18768591
18791946
18809400
18821488
18951540
18996674
19037603
19058010
1919871
19211690
19269743
19299179
19300402
19308880
19346865
19356053
19356307
19387625
19445921
19473225
19581773
19631624
19657887
1967484
19729346
19759529
19767176
19803309
19820426
19843802
1987816
19884587
19889778
1992636
19957053
20003049
20067456
20080419
20080983
20084309
2008831
20098969
20196116
2024540
20470218
20477932
20520283
20528871
2054792
20588063
20619828
20621845
20633755
20667451
20698227
2070391
2071257
20722491
20880751
20882060
2096243
21029050
220563
2224762
2234245
2265898
2266990
2273650
227508
230316
2304736
2312209
2334618
234669
2348231
2355241
2375138
2385256
2396046
2425813
2440413
2445283
2476560
2484011
2505783
2515254
2522601
2549018
2559236
2572625
2578334
26094
2611118
2632720
2670794
2673163
2696505
2802551
2870085
2887062
2894766
2924746
2950248
2951327
3015567
3031535
3070035
3076126
3101906
3107448
3125768
3173179
3173180
3187073
3192036
322550
3341566
3358181
3371379
3403780
3409645
3412544
3425586
3437726
347884
3496378
3503576
354896
3560095
3560096
3564823
3615541
3629586
3676049
3693336
3714122
3719553
3750012
3780846
3782049
3800626
3827439
3828020
3856631
3865016
3970039
3985451
3997294
4008111
4027862
4071154
424937
435349
4812392
567256
603022
6103707
6133211
6203452
6209318
6229975
6286738
6287825
6308277
6386793
6387529
6466532
6503301
6518066
6534871
6538499
6634932
6640832
6666578
6692345
6727060
6747681
6773726
6861444
6888657
7053303
7083920
7088431
7199841
7234705
7248170
7265370
7269015
7292072
7352670
7420681
7423039
7444978
7449470
7453952
7468724
7504976
7516729
7582165
7628595
7802851
7834920
7858459
7862923
7881871
7890216
7919560
7930386
7977601
7988234
8073369
8092427
809711
8170551
8231633
8302922
8319760
8372922
8386779
8387218
8410052
84204
8421099
8423889
8437969
8558192
8590259
8595686
8638206
8643971
8649546
8669433
8682684
8690168
869641
8701950
8739323
8741744
8752018
8829025
88336
8864707
891050
8919272
8953972
8955532
8996652
9034419
9088814
9100294
9195768
9199746
9245658
9249847
9284778
9293063
9334596
9351491
9390208
9401499
9406968
9495837
9522143
9522152
9523805
9587734
9625142
9653867
9660111
9672936
9698967
9721172
9727773
9746003
9754849
9766615
9812111
983936
9855119
9862868
9869257
9931093
